2 2434 5.65584
2 597 4.9828196
2 2863 4.3096714
2 3078 3.7305775
2 1867 2.933932
2 1046 2.8501022
2 1014 2.708582
2 492 2.6575513
2 435 2.4713106
2 397 2.2584703
3 1304 7.1608267
3 929 4.9493356
3 1988 4.5278187
3 77 4.488443
3 51 4.488443
3 1007 4.3461485
3 1976 4.1581087
3 3144 4.1581087
3 1723 4.1060762
3 70 4.1060762
4 2939 20.906921
4 3043 18.039904
4 2377 12.14518
4 3128 10.334867
4 3073 10.218186
4 2376 10.218186
4 2844 9.560129
4 2342 9.347708
4 2742 8.262836
4 2519 8.015579
5 2534 9.538607
5 2522 8.844313
5 1053 8.844313
5 2035 8.088313
5 1829 7.730155
5 2820 7.7204103
5 2321 7.5322075
5 2629 7.414933
5 1742 7.2281666
5 3030 7.2281666
6 2826 19.866093
6 1543 13.990784
6 2828 11.180375
6 2230 9.382463
6 438 7.2755566
6 1867 5.867864
6 695 5.4911394
6 1014 5.417164
6 492 5.3151026
6 2873 5.083929
7 3043 26.949297
7 270 9.687825
7 2912 9.389237
7 1353 7.891159
7 3128 7.5501175
7 2376 7.1232758
7 2306 6.8691435
7 1873 6.8691435
7 1122 6.8691435
7 3148 6.768467
8 2625 18.28381
8 1869 13.081114
8 615 9.680098
8 492 9.680098
8 2860 8.855457
8 2830 8.160289
8 2541 7.7509837
8 2858 7.56632
8 332 7.56632
8 3032 7.2660646
9 3068 19.038704
9 2849 18.308346
9 2372 15.996891
9 1462 9.563923
9 2840 9.563923
9 1032 9.109524
9 1461 8.74918
9 2578 8.592503
9 3137 8.592503
9 2867 8.062354
10 2851 11.888484
10 1795 9.806863
10 2705 7.930416
10 2714 7.9125037
10 141 7.9125037
10 2685 7.9125037
10 3150 7.6104546
10 2603 7.527679
10 1158 7.238444
10 2342 7.238444
11 2699 11.540939
11 2923 11.202887
11 2906 10.377897
11 2956 9.328891
11 2815 7.9425974
11 2527 7.1521482
11 3148 7.1521482
11 2717 5.7888455
11 3171 5.220273
11 1923 4.9459705
12 3127 12.727646
12 1462 9.759052
12 3068 8.591807
12 2867 8.323282
12 1930 8.144228
12 2246 7.959242
12 2319 7.025321
12 2840 6.8081117
12 1461 6.228134
12 1247 4.960413
13 1947 8.546616
13 1231 5.439027
13 1807 4.932533
13 1997 4.681186
13 2835 4.5123343
13 195 4.4412394
13 2078 4.2858715
13 2645 4.2824
13 164 4.2824
13 2748 4.269138
14 3132 6.0963006
14 2263 5.747038
14 3131 5.0450253
14 2674 5.0166893
14 2819 5.005143
14 2957 4.932533
14 2227 4.932533
14 307 4.932533
14 853 4.488443
14 2146 4.488443
15 1231 23.467896
15 2835 21.05356
15 3125 17.07823
15 1947 14.797598
15 1807 14.797598
15 2611 11.566347
15 2344 11.566347
15 2464 10.78158
15 2616 6.8263507
15 2195 6.5992455
16 2740 11.861738
16 1462 6.8081117
16 2840 6.8081117
16 2378 6.3619394
16 1461 6.228134
16 243 5.8396378
16 2867 5.739215
16 1210 5.439027
16 1959 5.3485546
16 3068 5.3214703
17 1947 8.546616
17 2491 8.053963
17 1223 5.773939
17 1231 5.439027
17 1757 5.414164
17 1807 4.932533
17 2253 4.885211
17 2835 4.5123343
17 195 4.4412394
17 1486 4.2379827
18 2714 13.245085
18 1811 12.286155
18 1988 7.207081
18 249 7.047777
18 2897 6.854702
18 2266 6.759197
18 3110 6.68035
18 2138 6.5964875
18 303 6.4154444
18 1795 6.3817673
19 3075 6.761205
19 2714 3.9562519
19 141 3.9562519
19 2685 3.9562519
19 1158 3.619222
19 392 3.619222
19 2342 3.619222
19 2851 3.619222
19 1873 3.4345717
19 1122 3.4345717
20 2986 9.909864
20 2695 7.371432
20 1563 6.3005095
20 2490 5.8791
20 2769 5.5356817
20 2524 5.5337415
20 3176 5.155594
20 1504 5.132005
20 2630 4.5410414
20 2631 4.349622
21 2702 9.083382
21 1650 7.1671114
21 2435 6.6790743
21 2454 6.258824
21 2325 5.7623854
21 2932 5.6849933
21 2337 5.155594
21 3007 5.155594
21 1997 4.681186
21 2081 4.681186
22 1915 17.647379
22 2924 15.212078
22 2369 14.644829
22 2751 12.096077
22 2637 10.714989
22 2638 10.714989
22 2441 10.714989
22 2564 10.714989
22 2473 10.714989
22 2384 9.987986
23 3148 11.235945
23 2276 4.2957854
23 2578 3.946224
23 2816 3.946224
23 3137 3.946224
23 3043 3.946224
23 2849 3.8490956
23 2406 3.822177
23 2313 3.7208323
23 849 3.7208323
24 2376 7.046105
24 2342 6.6628737
24 3043 6.4435344
24 3073 4.7568293
24 1235 4.6039057
24 268 4.6039057
24 20 4.3515987
24 412 4.3515987
24 2844 4.0801444
24 1753 4.0099907
25 2318 11.620264
25 1653 11.19693
25 3136 10.595013
25 3048 5.5184317
25 436 5.4910183
25 2344 5.3768167
25 3089 5.3768167
25 1938 4.9339285
25 1341 4.795953
25 2268 4.6623936
26 2939 9.641257
26 1462 6.8081117
26 2840 6.8081117
26 1461 6.228134
26 2867 5.739215
26 2578 5.5856686
26 3068 5.3214703
26 1247 4.960413
26 2626 4.9243197
26 618 4.827703
27 2988 7.571269
27 1462 6.8081117
27 2840 6.8081117
27 1461 6.228134
27 1752 5.7895927
27 2867 5.739215
27 1959 5.6190305
27 3068 5.3214703
27 2798 5.1581335
27 2262 5.1581335
28 2849 22.74504
28 3032 19.516815
28 2890 17.582264
28 2949 16.46912
28 757 9.095722
28 2776 9.001799
28 828 8.320866
28 1890 8.320866
28 1685 8.298892
28 517 7.667663
29 2089 9.651482
29 2462 8.948973
29 1537 8.341792
29 1538 8.341792
29 1840 8.341792
29 2770 8.341792
29 1539 8.011784
29 1841 7.81177
29 2644 7.0549526
29 197 6.8371625
30 2198 7.461155
30 2631 6.907342
30 1256 6.374853
30 2955 6.0775785
30 1012 5.5116215
30 2684 5.5116215
30 1462 5.5116215
30 1341 5.5116215
30 1781 5.5116215
30 2690 5.5116215
31 3047 18.367836
31 3015 17.495354
31 1686 16.99915
31 1144 14.10021
31 2370 12.29061
31 2283 11.811569
31 533 11.4673
31 2826 10.551881
31 1796 10.37455
31 1952 10.37455
32 3139 30.976313
32 2490 30.570353
32 2177 27.97789
32 1961 27.722301
32 3018 16.914349
32 2619 16.042484
32 1504 15.841141
32 2461 14.955151
32 2289 14.895107
32 2630 14.735291
33 2805 22.726276
33 1809 19.561571
33 1501 14.371665
33 2697 12.096515
33 1104 12.088934
33 2605 12.088934
33 1782 11.139933
33 2554 9.899774
33 1662 9.7560005
33 1529 9.683897
36 2110 20.278414
36 1265 16.7435
36 1350 13.767988
36 2030 9.100298
36 1131 9.100298
36 2112 7.6800213
36 2476 7.396717
36 2061 7.0246544
36 2836 6.94823
36 2739 6.507892
37 2265 27.17366
37 2651 23.630405
37 1143 14.550971
37 2341 14.550971
37 2376 14.145704
37 2956 13.517926
37 2937 13.408695
37 618 12.076
37 676 12.023367
37 243 11.678459
38 2958 17.073914
38 3031 16.010925
38 2651 12.789394
38 2956 11.118529
38 2082 10.78003
38 3103 7.704736
38 2941 7.1437874
38 1143 6.5353928
38 2341 6.5353928
38 2705 6.377653
39 2940 14.459776
39 1861 13.244545
39 1902 12.953981
39 2425 12.044308
39 724 12.044308
39 3185 12.044308
39 2956 11.584111
39 2651 11.168526
39 2958 11.07316
39 3031 11.021479
40 2651 21.59943
40 2956 14.281443
40 1641 13.680614
40 1142 13.385367
40 990 12.420402
40 1098 11.918168
40 2705 11.895624
40 3150 11.415682
40 1588 11.39333
40 2603 11.291518
42 462 17.601492
42 2215 14.989763
42 2402 12.204517
42 1653 11.19693
42 204 8.483075
42 2318 7.5147557
42 2370 7.248147
42 633 6.32708
42 2811 5.6137104
42 3048 5.5184317
43 2569 27.660465
43 3107 18.603273
43 2754 10.110775
43 2847 9.651842
43 3098 8.998341
43 3046 8.70369
43 2341 8.627219
43 3125 8.427722
43 2455 8.427722
43 2883 7.479158
44 2829 39.40358
44 2523 11.786355
44 2494 10.717335
44 1809 10.229752
44 464 7.379096
44 525 6.7998247
44 2325 6.777917
44 3078 6.5082693
44 2812 6.3048806
44 931 6.3048806
45 2816 15.046877
45 2318 14.409782
45 2319 11.808125
45 3012 7.439577
45 2424 7.3980246
45 1976 6.9421434
45 2957 6.6005335
45 3137 6.519805
45 2452 6.10419
45 1271 5.880803
48 2325 16.202112
48 1171 8.635296
48 2968 8.631989
48 3064 8.619343
48 1658 8.570832
48 2310 7.983155
48 2273 7.937371
48 1612 7.917174
48 2904 7.9079366
48 2226 7.898007
49 1032 15.808009
49 651 10.301141
49 1959 9.888853
49 239 9.551344
49 652 7.8349133
49 2198 7.461155
49 3137 7.219859
49 2372 7.219859
49 2479 7.1596713
49 3134 7.0454807
57 3077 51.108425
57 3140 9.373085
57 1391 8.294552
57 1905 7.4378104
57 1183 5.5587482
57 2700 5.388873
57 233 5.37398
57 2802 5.141102
57 3191 4.7107463
57 133 4.6508183
58 1344 23.202145
58 2634 17.136143
58 1474 16.282679
58 1252 10.492188
58 1171 8.481348
58 1619 7.892448
58 382 7.892448
58 69 7.892448
58 1637 7.877321
58 1631 7.607873
59 1681 17.848782
59 1456 10.278664
59 1888 8.707702
59 144 8.707079
59 1441 8.477245
59 1359 8.413983
59 1235 8.262576
59 1855 8.221297
59 1665 8.079975
59 292 8.054199
60 2593 25.100903
60 2967 24.16127
60 3087 21.426239
60 2876 21.085384
60 1532 15.411158
60 2716 11.979696
60 2198 11.191732
60 618 10.542136
60 2882 10.491655
60 2957 9.865066
61 2711 20.940443
61 634 10.920763
61 1236 9.995251
61 239 8.708245
61 1287 8.401123
61 2451 8.170164
61 2746 7.9869103
61 1830 7.5078206
61 3134 7.496274
61 1935 6.6597643
62 2932 10.095419
62 1961 7.388004
62 2702 5.155594
62 2337 5.155594
62 3007 5.155594
62 1368 4.716393
62 1420 4.716393
62 2076 4.716393
62 2327 4.547861
62 2326 4.394124
63 3075 13.52241
63 3061 9.87081
63 1795 9.806863
63 2714 7.9125037
63 141 7.9125037
63 2685 7.9125037
63 1158 7.238444
63 392 7.238444
63 2342 7.238444
63 2851 7.238444
64 2651 17.620071
64 228 4.242098
64 409 3.8807168
64 512 3.8807168
64 1193 3.8807168
64 812 3.8807168
64 3024 3.8807168
64 782 3.8807168
64 1717 3.7892277
64 1307 3.6106136
