2 1046 2.600039
2 397 2.5845647
2 597 2.4943051
2 1867 1.6493882
2 1014 1.6454473
2 492 1.6444645
2 435 1.6405429
2 1623 1.6346892
2 1397 1.6288697
2 531 1.6192449
3 1304 2.21869
3 1134 1.5911058
3 3115 1.5814252
3 1988 1.5545905
3 265 1.4218984
3 1350 1.389429
3 799 1.3149465
3 1223 1.2713888
3 661 1.2190807
3 1611 1.2121431
4 2939 7.171997
4 2377 7.139968
4 1135 6.2713995
4 3128 4.3858476
4 3043 4.0849
4 3049 3.9200425
4 2931 3.6882222
4 2870 3.611153
4 3103 3.5367796
4 2844 3.4300704
5 2321 6.0725007
5 1829 4.813493
5 3011 3.9453745
5 2035 3.6018586
5 2629 3.3444386
5 1238 3.2371895
5 2692 3.1112657
5 3147 3.025446
5 1923 2.9602187
5 1409 2.8506944
6 2826 11.519316
6 1543 7.491098
6 2828 6.952827
6 695 5.227067
6 438 3.4240913
6 1867 3.2987764
6 1014 3.2908945
6 492 3.288929
6 435 3.2810857
6 1623 3.2693784
7 3043 11.202791
7 2949 5.3063645
7 3128 3.7018478
7 616 3.605739
7 2376 3.5304363
7 2740 3.3360512
7 1623 3.101245
7 3148 3.0950603
7 1397 2.8974266
7 2912 2.8499985
8 2625 6.8176813
8 2500 4.819845
8 1869 4.6121206
8 3032 3.4703755
8 2499 3.0405421
8 2776 3.0212796
8 2541 3.0040169
8 2951 2.7525806
8 2194 2.7353659
8 40 2.7238386
9 2849 5.922614
9 3068 4.249238
9 2372 3.933633
9 2776 3.0212796
9 1685 2.4145288
9 2198 2.3437815
9 2870 2.3063192
9 1695 2.2379055
9 3043 2.0349486
9 3158 1.9754326
10 2851 2.8259454
10 2714 2.5969706
10 2342 2.5647032
10 1366 2.1025548
10 1098 1.9434944
10 1262 1.8248886
10 1601 1.8034145
10 1468 1.7995348
10 2316 1.7951043
10 1811 1.7611458
11 2699 4.600805
11 2923 2.8430452
11 3077 1.6324545
11 2815 1.4224395
11 2956 1.2571027
11 2198 1.1972122
11 3150 1.1488087
11 2208 1.1436334
11 2316 1.1231239
11 3080 1.0860665
12 3127 4.880821
12 1930 4.167085
12 2246 3.564571
12 3196 1.8527087
12 3068 1.3669308
12 2319 1.3292811
12 1462 1.2523646
12 2198 1.1718907
12 1591 0.9319226
12 1680 0.8020477
13 2344 2.2001715
13 2897 1.9006765
13 1362 1.3382293
13 48 1.3324655
13 1947 1.2786968
13 2929 1.2037235
13 3080 1.2037235
13 1901 1.0808743
13 2253 1.0670528
13 1564 1.059248
14 3087 3.9369183
14 2181 3.6349645
14 2876 3.2913852
14 2289 2.2441561
14 3011 2.0937862
14 2931 1.9616778
14 2816 1.9376767
14 2674 1.9287838
14 1724 1.9280478
14 3131 1.8311459
15 2344 6.6005144
15 2835 5.898382
15 3125 4.49686
15 2923 3.4625666
15 1231 3.008548
15 1947 3.006301
15 1807 3.006301
15 2611 2.999566
15 2464 2.9973233
15 2195 2.9746363
16 2217 3.315886
16 2438 2.6231344
16 243 2.485418
16 3021 2.1672218
16 3141 2.1081452
16 1003 2.0954123
16 3049 1.9942174
16 1846 1.8800774
16 3074 1.8439068
16 2377 1.8390499
17 1223 2.0703385
17 1134 1.9142475
17 2897 1.9006765
17 3115 1.5814252
17 1658 1.4233968
17 1676 1.4083291
17 1362 1.3382293
17 48 1.3324655
17 1947 1.2786968
17 1154 1.2379156
18 1811 3.8772948
18 2897 3.5197039
18 1826 2.9918578
18 2138 2.8089228
18 1988 2.4225845
18 2266 2.4150558
18 1665 2.3441596
18 670 2.2643676
18 243 2.0800624
18 3048 2.0208247
19 2714 1.2984853
19 2342 1.2823516
19 2851 1.274747
19 1601 1.0120565
19 1468 1.0081767
19 1262 0.9124443
19 1811 0.8805729
19 2692 0.83485585
19 950 0.8020271
19 2289 0.76769805
20 2695 4.234546
20 2986 3.4649286
20 2631 2.4928102
20 1563 2.452887
20 2232 2.317263
20 2524 2.2223208
20 2769 2.19687
20 2905 2.16303
20 1457 2.1624966
20 2167 1.8580575
21 2702 2.9373202
21 2216 2.8098881
21 1491 2.5903397
21 1650 1.9988394
21 2927 1.7286565
21 1309 1.4407384
21 2454 1.4147633
21 2325 1.3671154
21 2931 1.3432859
21 3018 1.3059795
22 2751 6.8484187
22 2369 5.6581554
22 1915 5.6351633
22 2827 4.796553
22 2692 4.4131193
22 2913 4.168365
22 2845 2.990873
22 2367 2.8014781
22 2924 2.5122607
22 2637 2.351545
23 3148 2.739397
23 2849 2.7305279
23 3082 2.1918015
23 3043 2.188628
23 2276 1.6221224
23 2406 1.566725
23 2216 1.1154473
23 2709 1.0690191
23 3011 1.0463334
23 1525 1.0309484
24 1696 3.5545874
24 1194 2.379345
24 1410 1.7624633
24 1235 1.4950502
24 268 1.4950502
24 2882 1.4928075
24 1540 1.4890223
24 2742 1.4753101
24 2767 1.4753101
24 1435 1.4753101
25 1653 2.6476688
25 3048 1.8473194
25 2344 1.5278625
25 2990 1.4617268
25 2542 1.2775049
25 1938 1.2301992
25 2198 1.1718907
25 1205 1.1696458
25 2812 1.1139163
25 1620 1.0211831
26 2939 3.3142302
26 2938 2.6696026
26 2716 2.5884109
26 2870 1.9452198
26 2377 1.809445
26 2626 1.7705572
26 2844 1.7150352
26 2742 1.7135396
26 2632 1.5919477
26 2541 1.3586088
27 3011 2.0597782
27 2198 1.9092525
27 2406 1.5166634
27 1001 1.4957985
27 2502 1.4943023
27 1404 1.4935547
27 1456 1.4935547
27 2319 1.4167331
27 2669 1.239259
27 2740 1.2315471
28 2849 11.821936
28 3032 10.23791
28 2890 6.576492
28 2949 4.9292736
28 2776 3.7385058
28 1695 3.446551
28 1685 3.0886045
28 2197 3.0708013
28 1181 2.9893978
28 1261 2.8202782
29 2644 4.211874
29 2420 3.6043136
29 2200 3.2582414
29 2232 3.185727
29 1385 2.6923544
29 3021 2.53763
29 2631 2.4928102
29 2229 2.4892874
29 1933 2.3470306
29 1697 2.3371751
30 1926 3.8521068
30 2786 3.2810273
30 397 2.6849387
30 1046 2.600039
30 1256 2.4965498
30 2198 2.3437815
30 274 2.0193307
30 1098 2.016347
30 1856 1.8700725
30 2882 1.1897831
31 3047 11.683704
31 3015 7.487404
31 533 6.9596987
31 1686 5.707822
31 2283 5.1216846
31 2826 5.0437584
31 1327 5.032108
31 1891 4.7411013
31 2125 4.3682246
31 1741 4.298723
32 1145 8.809065
32 3018 7.454752
32 2289 7.1013894
32 1961 7.0866165
32 2177 5.8018036
32 3139 5.617607
32 1839 5.606192
32 2883 5.18054
32 1847 4.8530507
32 2484 4.630876
33 1501 6.7198606
33 2697 6.403222
33 2805 5.8841305
33 397 5.3297076
33 2554 5.2773776
33 1046 5.200078
33 1347 4.748038
33 3153 4.010248
33 2081 3.7458658
33 2106 3.4046578
36 1265 5.7109847
36 1350 4.9283023
36 2110 4.300191
36 2030 3.51205
36 2811 3.495898
36 2061 2.7504284
36 2112 2.4450393
36 2739 2.2766368
36 1012 2.257214
36 1527 1.9446051
37 2376 8.962578
37 2265 8.734446
37 2956 7.158996
37 2651 6.7491474
37 243 6.53389
37 2233 5.063471
37 3021 4.2379045
37 2537 3.9381847
37 2632 3.92134
37 2033 3.8582532
38 2082 7.1510468
38 2247 4.344881
38 670 3.6085346
38 1625 3.3399177
38 3087 3.2060409
38 3103 3.1933606
38 1717 2.9923506
38 2233 2.9433208
38 2941 2.9023461
38 2867 2.857139
39 2940 4.969122
39 2082 4.7317758
39 1902 4.5614524
39 3103 4.3296466
39 2651 4.1206727
39 2684 3.8748
39 1861 3.547739
39 1614 3.3071196
39 2406 3.1980405
39 2317 3.179462
40 2651 8.726652
40 2939 6.8237886
40 2940 6.5380263
40 1098 4.2460895
40 397 4.205727
40 1046 3.6807256
40 2317 3.513654
40 696 3.3731554
40 2265 3.3654099
40 3071 3.3457856
42 2215 4.199724
42 462 4.056015
42 2402 3.7448528
42 2494 2.5726113
42 2232 1.968488
42 1653 1.9504969
42 2991 1.9208665
42 1527 1.7826005
42 2789 1.7135396
42 2641 1.7135396
43 2569 15.716938
43 3107 8.086289
43 2341 6.206116
43 2754 5.4327054
43 2847 5.4228897
43 3098 5.407234
43 3046 5.3994293
43 3125 5.3916397
43 2455 5.3916397
43 2883 5.3606315
44 2829 22.588188
44 2523 8.553182
44 2125 4.831709
44 2751 3.00065
44 2771 2.9634943
44 2325 2.5676243
44 2754 2.344519
44 2019 2.3410852
44 1002 2.3148398
44 1653 2.0081596
45 2816 5.861459
45 1976 4.614937
45 2957 4.5241814
45 2978 3.3844423
45 2860 3.220801
45 2928 3.066216
45 2979 3.016734
45 2424 2.5615408
45 2964 2.4943051
45 2193 2.349939
48 2850 3.571903
48 2968 3.3866992
48 2624 3.1616523
48 1651 3.0440004
48 1135 3.0051003
48 2310 2.9504912
48 2142 2.6221786
48 47 2.4958012
48 1722 2.4701242
48 1612 2.4494011
49 2390 2.562849
49 2198 2.3437815
49 2795 2.1756952
49 2307 1.8899511
49 2882 1.8566614
49 3134 1.8440572
49 2318 1.7142873
49 1945 1.7142873
49 68 1.7135396
49 2163 1.6441467
57 3077 28.25934
57 1905 6.046804
57 3140 3.6917992
57 1764 3.6663916
57 3160 3.2508354
57 1409 2.963687
57 3175 2.7116976
57 3060 2.6915717
57 1700 2.6420183
57 2470 2.5750136
58 1344 6.3877544
58 1398 5.85103
58 1946 3.8243308
58 3049 3.4950278
58 2634 3.2753606
58 1366 3.1338997
58 1631 3.1077728
58 1171 3.0782578
58 1637 3.0513806
58 1695 2.9044297
59 1665 7.570051
59 2111 5.2353425
59 1235 4.643008
59 3041 4.008166
59 1456 3.9403136
59 1855 3.5924847
59 2688 3.3783562
59 144 3.337003
59 2905 3.1386192
59 2795 2.906
60 2593 11.930344
60 2967 9.813176
60 3087 8.184959
60 2816 4.8422184
60 2876 4.6988482
60 3142 4.4419394
60 1366 4.3576827
60 2957 3.835155
60 1532 3.6694012
60 2198 3.5156722
61 2746 5.70518
61 1287 3.6884816
61 2631 3.3306744
61 2451 3.2860932
61 3134 3.2619545
61 2882 3.065198
61 3077 2.933496
61 1046 2.8502672
61 397 2.7736416
61 2494 2.7481575
62 1961 3.674634
62 1266 2.4920635
62 2258 2.489825
62 1725 2.1860065
62 1856 2.1087065
62 2931 1.7699016
62 2216 1.7199028
62 320 1.6870488
62 2720 1.6123611
62 2326 1.5353343
63 2289 2.8221173
63 2896 2.4404163
63 2884 2.218238
63 2851 2.030007
63 2679 2.0289316
63 1601 2.024113
63 1468 2.0163534
63 2767 1.930321
63 1262 1.8248886
63 3166 1.8045273
64 2651 10.949865
64 1307 3.2408464
64 1717 2.9923506
64 397 2.7451432
64 1046 2.600039
64 1588 0.96681035
64 527 0.8734628
64 2723 0.8686061
64 3112 0.8494116
64 2144 0.8113724
