2 2434 9.782194
2 597 9.62973
2 2863 8.7446785
2 3078 8.7446785
2 1046 5.3576484
2 1867 4.9545364
2 397 4.880971
2 1014 4.68844
2 492 4.6318226
2 435 4.4333134
3 1304 12.725337
3 929 8.258955
3 1007 8.028744
3 2897 7.7566824
3 2423 7.7566824
3 2551 7.7566824
3 100 7.7566824
3 1976 7.6538014
3 51 7.6538014
3 3144 7.6538014
4 2939 33.398193
4 3043 29.87019
4 2377 18.513155
4 2844 17.730242
4 3073 17.412226
4 2376 17.412226
4 2742 16.724077
4 2342 16.55243
4 3128 16.454529
4 1135 14.36285
5 2534 16.950111
5 2522 16.151083
5 1053 16.151083
5 2820 14.899032
5 1829 12.816501
5 1742 12.251406
5 3030 12.251406
5 251 12.251406
5 3011 12.039318
5 2035 11.504753
6 2826 38.349556
6 1543 25.484066
6 2828 20.255234
6 438 15.973383
6 695 11.40789
6 1867 9.909073
6 1014 9.37688
6 492 9.263645
6 2721 9.022755
6 435 8.866627
7 3043 46.63851
7 2949 23.721983
7 270 16.613497
7 1353 14.924967
7 2912 14.099642
7 3128 12.322721
7 3140 11.992302
7 2306 11.566743
7 1873 11.566743
7 1122 11.566743
8 2625 28.947433
8 1869 22.498425
8 615 16.51791
8 492 16.51791
8 2860 15.658924
8 2830 14.993547
8 2858 14.450632
8 332 14.450632
8 912 13.992224
8 2371 13.825045
9 2849 31.985502
9 3068 31.443384
9 2372 25.170628
9 2198 17.489357
9 1462 16.13606
9 2840 16.13606
9 1032 16.059374
9 2578 15.025735
9 3137 15.025735
9 1461 14.892105
10 3075 19.674828
10 1795 17.502308
10 2714 13.450909
10 141 13.450909
10 2685 13.450909
10 3150 12.70663
10 1158 12.599134
10 392 12.599134
10 2342 12.599134
10 2851 12.599134
11 2699 21.172628
11 2923 18.441103
11 2906 17.979664
11 2956 17.071583
11 2815 13.350423
11 2527 12.862115
11 3148 12.862115
11 2717 11.476745
11 1043 10.545822
11 3171 8.116795
12 3127 21.848434
12 1462 15.6184845
12 3068 14.1742115
12 2867 13.884945
12 2246 13.881008
12 1930 13.863031
12 2840 11.514847
12 2319 10.977261
12 1461 10.679626
12 1247 9.0821495
13 1947 14.542089
13 1231 9.022755
13 1807 8.416387
13 2835 7.9866915
13 1997 7.9866915
13 195 7.7566824
13 3125 7.6538014
13 2645 7.557602
13 164 7.557602
13 2344 7.382142
14 3132 11.706899
14 2263 9.913362
14 2957 8.416387
14 2227 8.416387
14 307 8.416387
14 3087 8.096998
14 2976 7.6538014
14 853 7.6538014
14 2146 7.6538014
14 3131 7.650413
15 1231 38.93158
15 2835 35.08583
15 3125 31.492825
15 1947 25.24916
15 1807 25.24916
15 2611 22.146427
15 2344 22.146427
15 2464 21.458212
15 2195 11.30803
15 1223 11.245262
16 2740 19.132244
16 2378 11.797987
16 1462 11.514847
16 2840 11.514847
16 1461 10.679626
16 2867 10.037663
16 1959 9.577852
16 3068 9.517819
16 3119 9.404775
16 1247 9.0821495
17 1947 14.542089
17 1757 9.788326
17 1223 9.084184
17 1231 9.022755
17 1807 8.416387
17 2835 7.9866915
17 195 7.7566824
17 3125 7.6538014
17 2611 7.382142
17 2344 7.382142
18 1811 19.68012
18 2714 14.842054
18 2266 13.874631
18 2897 12.867718
18 3110 12.493179
18 249 12.3846445
18 303 11.831759
18 1425 11.68022
18 1795 11.34668
18 2138 11.113761
19 3075 11.661959
19 1158 9.534641
19 2714 6.7254543
19 141 6.7254543
19 2685 6.7254543
19 392 6.299567
19 2342 6.299567
19 2851 6.299567
19 1811 5.9704666
19 1795 5.9704666
20 2986 16.513163
20 2695 12.747345
20 2490 10.704073
20 1504 9.871178
20 1563 9.648474
20 2631 9.199022
20 2769 8.802936
20 3176 8.792139
20 2524 8.495658
20 2506 8.028744
21 2702 14.627935
21 1650 14.252329
21 3086 13.89927
21 2454 12.081036
21 2435 11.931779
21 2932 9.398911
21 2325 9.044388
21 2337 8.792139
21 3007 8.792139
21 895 8.028744
22 1915 30.854668
22 2369 26.07851
22 2924 25.221264
22 2637 20.271343
22 2638 20.271343
22 2441 20.271343
22 2564 20.271343
22 2473 20.271343
22 2384 19.587654
22 2751 16.143566
23 3148 18.724127
23 2849 12.141405
23 3082 11.261356
23 2578 7.225316
23 2816 7.225316
23 3137 7.225316
23 3043 7.225316
23 1780 6.5275755
23 88 6.353315
23 849 6.3128195
24 1696 13.036481
24 1235 8.531422
24 268 8.531422
24 3073 8.116599
24 2376 8.116599
24 2882 7.829462
24 20 7.6873074
24 412 7.6873074
24 2342 7.6873074
24 2844 7.4967737
25 2318 20.018827
25 1653 18.018398
25 3136 12.1682825
25 3048 10.346395
25 2344 9.6404915
25 3089 9.6404915
25 436 9.232926
25 2198 8.7446785
25 1341 8.042796
25 1267 7.9508657
26 2840 16.569847
26 2939 15.060637
26 1462 11.514847
26 1461 10.679626
26 2867 10.037663
26 2578 9.721001
26 3068 9.517819
26 1247 9.0821495
26 2844 8.865121
26 618 8.767826
27 2198 18.107754
27 2988 13.186443
27 1752 11.549895
27 1462 11.514847
27 2840 11.514847
27 1461 10.679626
27 1959 10.176417
27 2867 10.037663
27 3068 9.517819
27 2262 9.110935
28 2849 37.483227
28 2949 27.911951
28 2890 25.834381
28 3032 24.104681
28 757 15.513365
28 828 14.6559925
28 1890 14.6559925
28 517 13.992224
28 3158 13.992224
28 2614 13.450909
29 2089 16.965216
29 2462 16.169144
29 1537 15.49968
29 1538 15.49968
29 1840 15.49968
29 2770 15.49968
29 1841 14.922847
29 1539 14.662007
29 197 11.4580145
29 2087 11.4580145
30 2198 17.489357
30 2631 12.93031
30 1256 10.66823
30 2955 10.412548
30 1012 9.24243
30 2684 9.24243
30 1462 9.24243
30 1341 9.24243
30 1781 9.24243
30 2690 9.24243
31 3015 30.711342
31 1686 25.08847
31 3047 24.372278
31 533 20.655231
31 1144 20.516752
31 1796 18.398045
31 1952 18.398045
31 1424 18.177313
31 2370 17.816658
31 1660 17.730242
32 3139 48.14334
32 1961 46.4292
32 2490 33.266167
32 2619 31.17235
32 1504 30.756472
32 1839 28.453808
32 2177 26.110302
32 2461 26.110302
32 2161 24.790737
32 1481 24.790737
33 2805 35.823074
33 1809 32.107594
33 1104 20.627535
33 2605 20.627535
33 1501 20.546988
33 1636 20.326195
33 2697 19.4197
33 1782 19.339458
33 1662 18.168026
33 2335 17.489597
36 2110 33.236214
36 1265 26.114084
36 1350 22.134245
36 2030 15.521038
36 1131 15.521038
36 2476 13.436714
36 2811 12.546773
36 1768 12.440972
36 1737 12.440972
36 2084 12.440972
37 2265 43.651115
37 2651 37.82553
37 1143 25.318153
37 2341 25.318153
37 2937 24.01221
37 676 21.117567
37 2376 21.033945
37 2956 20.464342
37 618 20.15903
37 990 20.123714
38 2958 28.502094
38 2651 20.598568
38 3031 19.945984
38 2082 18.388895
38 2956 11.393982
38 1143 11.239776
38 2341 11.239776
38 2941 11.168667
38 2705 10.784402
38 2937 10.5964
39 2940 22.10688
39 2956 20.890373
39 2958 20.122505
39 3031 19.945984
39 2425 19.80561
39 724 19.80561
39 3185 19.80561
39 1861 19.610163
39 1902 19.379473
39 2180 18.591251
40 2651 36.523357
40 1098 33.995514
40 2956 25.63857
40 1641 24.33183
40 1142 22.344719
40 990 21.741182
40 3150 19.059944
40 627 18.42707
40 793 18.42707
40 2705 18.07205
42 462 29.619545
42 2215 25.963005
42 2402 20.746428
42 1653 18.018398
42 204 14.958778
42 2370 13.752892
42 2318 13.321901
42 633 12.900315
42 2811 12.241314
42 3048 10.346395
43 2569 53.05742
43 3107 36.09102
43 2754 17.184792
43 2847 16.658442
43 2341 16.331144
43 3098 15.941564
43 3046 15.6275835
43 3125 15.337332
43 2455 15.337332
43 2883 14.356702
44 2829 64.42128
44 2523 19.717598
44 1809 16.221964
44 464 12.331673
44 525 11.40983
44 2494 11.40983
44 2325 11.0052185
44 3078 10.928183
44 1686 10.782934
44 2812 10.669786
45 2816 25.630901
45 2318 24.544468
45 3012 13.537699
45 2424 13.234471
45 3137 11.619882
45 1271 11.252716
45 2319 11.048849
45 2452 10.828438
45 2957 10.310151
45 3082 10.0446415
48 2325 26.123264
48 3064 17.489357
48 1171 15.719852
48 1205 15.418719
48 1658 14.521039
48 3136 14.2111
48 2226 13.567387
48 1809 12.89995
48 1504 12.848442
48 2850 12.478132
49 651 17.642399
49 1032 17.642399
49 2198 17.489357
49 1959 17.363716
49 239 16.61656
49 652 13.138128
49 3137 12.194984
49 2372 12.194984
49 2561 11.837327
49 2407 11.434706
57 3077 92.544846
57 3140 32.098614
57 3008 13.356806
57 1905 12.961006
57 1183 10.082002
57 233 9.902805
57 3122 9.398911
57 1119 9.398911
57 134 9.398911
57 1007 9.351406
58 1344 38.91279
58 2634 28.976494
58 1474 28.129051
58 1252 20.472391
58 1619 14.450632
58 382 14.450632
58 69 14.450632
58 2825 13.908518
58 1698 13.908518
58 50 13.908518
59 1681 29.17496
59 1441 16.798664
59 1359 15.876185
59 1888 15.848102
59 653 15.027565
59 137 14.98441
59 1456 14.147363
59 1049 14.090048
59 292 13.878553
59 1457 13.668766
60 2593 43.25063
60 2967 43.066643
60 3087 37.345093
60 1532 26.245052
60 2198 26.234035
60 2716 23.02324
60 2876 22.06197
60 2882 20.429707
60 618 19.57194
60 2817 17.854666
61 2711 35.96108
61 1287 16.925785
61 239 15.846451
61 2746 15.091824
61 1830 14.204607
61 1683 11.493578
61 3134 11.193573
61 2451 10.88645
61 2516 10.487337
61 2070 10.487337
62 2932 16.478125
62 1961 11.197556
62 1266 9.022755
62 2702 8.792139
62 2337 8.792139
62 3007 8.792139
62 2258 8.592451
62 1368 8.362039
62 1420 8.362039
62 2076 8.362039
63 3075 23.323917
63 1795 17.502308
63 3061 17.431114
63 1411 13.60653
63 2714 13.450909
63 141 13.450909
63 2685 13.450909
63 1158 12.599134
63 2342 12.599134
63 2851 12.599134
64 2651 31.849579
64 228 7.225316
64 409 6.7978334
64 512 6.7978334
64 1193 6.7978334
64 812 6.7978334
64 3024 6.7978334
64 782 6.7978334
64 624 6.467148
64 1717 6.344097
