2 2434 11.919021
2 2863 8.4280205
2 3078 7.232593
2 597 5.131074
2 847 1.5208925
2 1183 1.2132525
2 1867 1.2101315
2 1014 1.0582292
2 492 1.028414
2 1305 1.0220724
3 929 6.750153
3 1304 6.163651
3 77 5.5114765
3 51 5.5114765
3 3150 5.452143
3 2705 4.876545
3 1007 4.7804303
3 1723 4.773079
3 70 4.773079
3 2682 4.773079
4 2939 17.072176
4 3043 13.2632
4 3073 12.242981
4 2376 12.242981
4 2342 10.602734
4 2844 10.311665
4 2519 9.317999
4 2742 8.714947
4 1829 6.822251
4 1099 5.9801574
5 1742 11.981922
5 2534 11.110847
5 2522 10.14277
5 1053 10.14277
5 3030 9.2396
5 251 9.2396
5 2820 8.7838955
5 2379 8.001728
5 1188 8.001728
5 1392 8.001728
6 2826 14.9079685
6 1543 11.194485
6 438 7.6858616
6 2828 7.1614623
6 2230 6.6257124
6 1088 5.9538646
6 2078 5.9538646
6 1001 5.5970383
6 2721 4.882778
6 242 4.7066097
7 3043 19.503075
7 270 11.777295
7 2306 8.8696785
7 1873 8.8696785
7 1122 8.8696785
7 1353 8.475386
7 3140 7.713039
7 804 7.6813674
7 1551 7.6813674
7 1342 7.6813674
8 2625 15.003781
8 615 11.72524
8 492 11.72524
8 1869 10.484097
8 2860 10.154356
8 2830 9.082332
8 1462 8.801641
8 2840 8.801641
8 2858 8.290997
8 332 8.290997
9 3068 16.786013
9 2198 14.465186
9 2849 14.374394
9 2372 13.781434
9 1462 12.534195
9 2840 12.534195
9 1461 10.854931
9 1032 10.666285
9 2578 10.201307
9 3137 10.201307
10 1795 11.364461
10 3150 10.904286
10 2714 9.941886
10 141 9.941886
10 2685 9.941886
10 2705 9.75309
10 1469 8.903313
10 1138 8.903313
10 1485 8.903313
10 1470 8.903313
11 2956 10.589865
11 2923 9.914552
11 3148 9.677752
11 2815 8.983372
11 2699 8.907261
11 2906 8.695911
11 2527 8.152377
11 3150 7.253084
11 2717 6.4450197
11 1043 5.4963317
12 3127 10.316657
12 1462 10.174827
12 2840 8.801641
12 2867 8.096488
12 3068 7.8639283
12 1461 7.622446
12 2198 7.232593
12 2319 6.528468
12 1930 6.3505373
12 2246 5.7643957
13 1947 10.573664
13 195 8.001728
13 1231 7.291965
13 2491 7.2646675
13 1807 5.9538646
13 1997 5.7047243
13 2078 5.306758
13 2835 5.156198
13 2645 4.9404364
13 164 4.9404364
14 3132 6.8010035
14 2263 6.4415083
14 2957 5.9538646
14 2227 5.9538646
14 307 5.9538646
14 853 5.5114765
14 2146 5.5114765
14 1066 4.8804045
14 841 4.773079
14 862 4.773079
15 1231 25.647602
15 3125 18.841675
15 2835 18.794928
15 1947 17.861593
15 1807 17.861593
15 2611 12.630054
15 2344 12.630054
15 2464 11.693158
15 820 6.9052906
15 2685 6.9052906
16 2740 10.18162
16 1462 8.801641
16 2840 8.801641
16 1461 7.622446
16 1210 7.291965
16 2198 7.232593
16 2378 7.1937723
16 2867 6.8177223
16 1959 6.248699
16 3068 6.2237015
17 1947 10.573664
17 2491 8.043917
17 195 8.001728
17 1231 7.291965
17 2748 7.034308
17 1757 5.99849
17 1807 5.9538646
17 1486 5.9465055
17 2835 5.156198
17 1168 4.855302
18 2714 12.571211
18 1811 10.351386
18 2897 9.523275
18 195 8.001728
18 249 7.9053826
18 3110 7.47671
18 1795 7.428958
18 1463 7.291965
18 2266 7.2726784
18 303 7.234929
19 3075 8.145647
19 2714 4.970943
19 141 4.970943
19 2685 4.970943
19 2306 4.4348392
19 1873 4.4348392
19 1122 4.4348392
19 1158 4.304963
19 2342 4.304963
19 2851 4.304963
20 2490 8.366358
20 2986 8.029289
20 3176 6.171509
20 1504 5.841593
20 2506 4.7804303
20 2442 4.7804303
20 2780 4.7804303
20 1787 4.6839795
20 2081 4.6839795
20 956 4.6839795
21 1650 7.77482
21 2435 7.704384
21 2932 7.558524
21 2454 6.9434853
21 2702 6.171509
21 2337 6.171509
21 3007 6.171509
21 1997 5.7047243
21 2081 5.7047243
21 2645 4.9404364
22 1915 16.410896
22 2924 12.740361
22 2637 11.853253
22 2638 11.853253
22 2441 11.853253
22 2564 11.853253
22 2473 11.853253
22 2369 11.604496
22 2384 10.97398
22 2211 7.9334993
23 3148 9.758348
23 2313 4.7295704
23 849 4.7295704
23 2709 4.7295704
23 627 4.7295704
23 2155 4.7295704
23 793 4.7295704
23 2594 4.7295704
23 2032 4.7295704
23 1105 4.6839795
24 2376 6.877194
24 3073 5.780079
24 3043 5.714943
24 1235 5.006143
24 268 5.006143
24 20 5.0056953
24 412 5.0056953
24 2342 5.0056953
24 2844 4.541166
24 1753 4.47723
25 2318 11.484367
25 3136 10.175892
25 1653 9.785829
25 436 7.440963
25 2198 7.232593
25 1341 6.7218604
25 3048 6.2800636
25 2344 6.274762
25 3089 6.274762
25 3078 5.21109
26 1462 8.801641
26 2840 8.801641
26 2939 8.20605
26 3068 7.8639283
26 1461 7.622446
26 2198 7.232593
26 2867 6.8177223
26 2578 6.673422
26 2821 5.9801807
26 1247 5.7620273
27 2988 8.92949
27 1462 8.801641
27 2840 8.801641
27 3068 7.8639283
27 1461 7.622446
27 2198 7.232593
27 2867 6.8177223
27 1959 6.496995
27 1752 6.4450197
27 2798 6.0725307
28 2849 16.71837
28 2890 13.559126
28 2949 12.355915
28 757 11.142452
28 828 9.649647
28 1890 9.649647
28 517 8.630907
28 3158 8.630907
28 2614 7.878904
28 1989 7.878904
29 2089 11.210034
29 2462 10.233315
29 1537 9.474208
29 1538 9.474208
29 1840 9.474208
29 2770 9.474208
29 1841 8.86231
29 294 8.836686
29 197 8.836686
29 2087 8.836686
30 2198 14.465186
30 2955 9.142851
30 2631 8.022392
30 1012 7.465106
30 2684 7.465106
30 1462 7.465106
30 1341 7.465106
30 1781 7.465106
30 2840 7.465106
30 2690 7.465106
31 3015 18.852768
31 533 12.777773
31 2415 11.919021
31 195 11.919021
31 1424 11.567922
31 1796 11.528791
31 1952 11.528791
31 1383 10.567234
31 1660 10.311665
31 1106 9.2396
32 2490 26.131054
32 3139 24.595787
32 2177 23.258022
32 1504 17.934822
32 2619 17.724041
32 2461 17.682304
32 1961 17.264286
32 2161 15.815535
32 2172 15.815535
32 1481 15.815535
33 1782 17.453062
33 2805 17.408651
33 1809 16.337051
33 1104 14.893144
33 2605 14.893144
33 441 11.919021
33 758 11.919021
33 1692 11.5876465
33 1529 11.201583
33 1662 10.981371
36 2110 17.844757
36 2030 13.805048
36 1265 11.592192
36 1131 11.146882
36 1350 9.774315
36 2476 8.379768
36 1768 7.082197
36 1737 7.082197
36 2084 7.082197
36 2811 6.297728
37 2265 22.33107
37 2651 19.333786
37 2376 18.185953
37 1143 17.276545
37 2341 17.276545
37 2937 15.452611
37 676 14.037621
37 990 12.55563
37 2958 12.467819
37 3031 12.457842
38 2958 15.129874
38 3031 12.457842
38 2651 11.320324
38 2956 9.377764
38 1143 7.91813
38 2341 7.91813
38 2937 7.0821905
38 24 5.7643957
38 583 5.7643957
38 1324 5.6208096
39 2425 15.830814
39 724 15.830814
39 3185 15.830814
39 2956 13.304079
39 2180 12.925806
39 2958 12.467819
39 3031 12.457842
39 990 11.081685
39 3150 10.904286
39 2705 9.75309
40 1142 17.374485
40 2956 16.451876
40 3150 16.35643
40 1641 15.919799
40 2651 14.867864
40 2705 14.629635
40 990 14.5299225
40 627 13.888596
40 793 13.888596
40 1469 13.354969
42 462 15.770567
42 2215 12.323275
42 2318 10.849897
42 204 9.801853
42 1653 9.785829
42 2402 9.550808
42 2370 8.00318
42 436 7.440963
42 633 6.930957
42 1030 6.684744
43 2569 21.746773
43 3107 19.531113
43 1891 8.444891
43 633 7.053462
43 1554 6.5413847
43 462 6.2592583
43 847 6.055868
43 464 6.0521717
43 1260 5.856013
43 2372 5.6208096
44 2829 30.429363
44 464 9.515528
44 525 8.510946
44 2494 8.510946
44 3078 8.003662
44 2719 7.9982777
44 2310 7.9982777
44 2871 7.9982777
44 492 7.9982777
44 931 7.769396
45 2318 13.312668
45 2816 11.963782
45 2319 11.030035
45 3137 10.017859
45 3012 8.63146
45 2424 8.226792
45 379 7.1802135
45 2452 7.1471486
45 1827 6.588416
45 1938 6.588416
48 3064 16.856041
48 2325 14.6426
48 2226 13.055502
48 1658 10.683805
48 1205 10.228433
48 1171 10.177085
48 3136 9.73184
48 2306 8.8696785
48 1873 8.8696785
48 1122 8.8696785
49 1032 15.004709
49 2198 14.465186
49 651 12.523329
49 1959 11.744998
49 239 11.432182
49 652 9.964048
49 2955 9.142851
49 3137 8.912117
49 2372 8.912117
49 2407 8.1356125
57 3077 48.039646
57 3140 21.642553
57 2700 11.487497
57 1106 9.83958
57 1137 9.83958
57 3008 9.379503
57 1007 8.858082
57 2113 8.4280205
57 196 8.4280205
57 2607 8.122888
58 1344 18.261234
58 2634 12.713873
58 1474 12.299955
58 69 12.008915
58 1252 11.8760805
58 1619 8.837721
58 382 8.837721
58 2825 8.067699
58 1698 8.067699
58 50 8.067699
59 1681 14.553131
59 1888 10.016627
59 292 9.704697
59 28 9.605598
59 1359 9.53507
59 1441 9.472311
59 653 9.204136
59 1457 8.682338
59 137 8.509415
59 3015 8.318692
60 2198 21.697779
60 2967 19.439795
60 2593 18.543142
60 1532 18.437283
60 2876 17.81677
60 2882 15.627991
60 3087 13.309879
60 2716 12.99
60 618 12.048097
60 2957 11.907729
61 2711 21.680847
61 634 17.98431
61 1927 10.447777
61 2307 10.447777
61 1457 10.447777
61 1236 10.117472
61 239 10.011236
61 1287 8.790651
61 2746 8.564291
61 1830 8.179348
62 2932 9.683453
62 2327 7.2265987
62 2702 6.171509
62 2337 6.171509
62 3007 6.171509
62 1368 5.3446836
62 1420 5.3446836
62 2076 5.3446836
62 2714 4.970943
62 2685 4.970943
63 3075 16.291294
63 3061 11.41159
63 1795 11.364461
63 2714 9.941886
63 141 9.941886
63 2685 9.941886
63 2306 8.8696785
63 1873 8.8696785
63 1122 8.8696785
63 1158 8.609926
64 2651 14.619625
64 1588 5.984272
64 527 5.9039326
64 228 5.2623367
64 731 4.5795126
64 627 4.5795126
64 793 4.5795126
64 1051 4.5795126
64 1193 4.5573173
64 812 4.5573173
